#Xenon100 DM-e scattering constraint from Fig. 3 (lower panel) of https://arxiv.org/pdf/1703.00910.pdf
#Columns: DM mass [GeV], DM-e cross section [cm^2]
0.005222586552307397 7.230549618101946e-34
0.005593450709976165 4.316533395055566e-34
0.006117250072976124 2.8100858919262713e-34
0.0068303611660913205 1.7703735127693994e-34
0.007626655262539692 1.1209972960980596e-34
0.008516196296160166 7.35367949759051e-35
0.009509093663904707 4.67992305194629e-35
0.010842737910701441 3.3818543188089494e-35
0.012625715298536535 2.8257450067749156e-35
0.014701922192682976 2.3654239449828525e-35
0.01711967580439803 1.9910347888398786e-35
0.019938001351666467 1.8677878837640738e-35
0.02322205174471967 1.8514613714502278e-35
0.027046823537001472 1.8251893140027592e-35
0.03150210822676863 1.8225808600767167e-35
0.036694067310315145 1.9231098360895723e-35
0.04274248420897402 2.055450388560453e-35
0.049788009372863165 2.200938235239121e-35
0.05799548032694076 2.3741081427991719e-35
0.0675584968180374 2.6324633778235384e-35
0.07869858109088151 2.924301352796938e-35
0.09167584521018256 3.2544668993767595e-35
0.10679438607192984 3.6553361801819064e-35
0.12440805511149787 4.1510930697225556e-35
0.14492675828672244 4.714087247822121e-35
0.1688296248074447 5.353437807060399e-35
0.19667629610251247 6.113103471939378e-35
0.2291188742617734 7.044991357699505e-35
0.26691164418857694 8.089157463220241e-35
0.3109382674517423 9.288083567804249e-35
0.362230664391238 1.074337475307894e-34
0.4219842584852685 1.242668632797195e-34
0.49159356867548465 1.4347360160183076e-34
0.5726854305669212 1.656489414258834e-34
0.6671590242245816 1.9230880487067033e-34
0.7772155820527507 2.228495319959341e-34
0.9054296855799983 2.58715369957866e-34
1.054794749951182 3.0035352577565913e-34
1.2288030646968553 3.493342639997569e-34
1.4315281759728022 4.085483634069052e-34
1.6676857842880708 4.75173186232737e-34
1.9427971468689602 5.516484848283345e-34
2.263286803426177 6.392562563785537e-34
2.636658705844669 7.4350421974417024e-34
2.9057345428969557 8.212683413466971e-34
